Participant ID,LogisticRegressionPrediction
101,0.6933313537429755
102,0.435530538742127
103,0.3538069535431203
104,0.13439977246697454
105,0.7267734266418973
106,0.5155758263823478
107,0.6403447013704845
108,0.5573942122924225
109,0.7885116906804446
110,0.40429396565029685
111,0.17150007382268673
112,0.5173000293433122
113,0.6566405915510831
114,0.047060450075396276
115,0.6265352556430392
116,0.21471364559533967
117,0.4381207694964414
118,0.09832873685986299
119,0.2511573294078767
120,0.8122911626928506
121,0.08662612146173898
122,0.8390524779729018
123,0.30870920640275257
124,0.3483078978423919
125,0.5537745501797242
126,0.5804737733037852
127,0.6070351744867908
128,0.7949050916899774
129,0.3679603810477845
130,0.21979632215382527
131,0.44387651077454826
132,0.6164874975996689
133,0.8415633680848619
134,0.12188394104471134
135,0.24834083489392866
136,0.35256747493537643
137,0.6865896429668076
138,0.31031111529264077
139,0.3274283374807525
140,0.5993578325317818
141,0.3193289767492741
142,0.29012313702646975
143,0.13387147275329836
144,0.6751672761812187
145,0.22608939864425492
146,0.1739989246416137
147,0.11238130593348561
148,0.6513736555524057
149,0.3075919115829018
150,0.8667966241597995
151,0.4552908229720817
152,0.08324314028997803
153,0.17391398694964122
154,0.3146596183908966
155,0.17340014790887293
156,0.6330666643525654
157,0.8547406161926274
158,0.3963294734668422
159,0.6619363753832479
160,0.14865516771813636
161,0.3911386350775249
162,0.758824476047111
163,0.9203790024750014
164,0.7650036736622399
165,0.837239893328247
166,0.1433601297987851
167,0.34304640160638045
168,0.8164212688909558
169,0.21174776070546963
170,0.45734483256115044
171,0.6976434502086206
172,0.3482498322146539
173,0.6534001242263391
174,0.7140006670655625
175,0.549072390119121
176,0.3783899045074589
177,0.6657227165628992
178,0.8033513469011508
179,0.721433118190933
180,0.23463870963442468
181,0.7467550907670988
182,0.38624705287203753
183,0.24618983103204528
184,0.09876302538653003
185,0.8812256423974373
186,0.48360746139093946
187,0.1218796654916664
188,0.33938815572768455
189,0.942891358288508
190,0.6120231013030024
191,0.8658786819008999
192,0.24071210275949373
193,0.9030807644026998
194,0.2172246029778484
195,0.4671545019285823
196,0.46935224549334364
197,0.4907114164377747
198,0.7009509375317466
199,0.11048154321012305
200,0.2718041433142042
201,0.5683930784339404
202,0.47824980332556766
203,0.755191985237777
204,0.8019171732118924
205,0.3295785409689562
206,0.5775331855924792
207,0.6965991647866228
208,0.4039443725629738
209,0.5266940703578912
210,0.4463457130956896
211,0.9265525767933653
212,0.06608451743963095
213,0.8807874991485688
214,0.2135416867879406
215,0.5473693964869485
216,0.36552285504796334
217,0.7260633955547013
218,0.5686851491710847
219,0.8999270770832013
220,0.3603311024050734
221,0.05578561372504531
222,0.4850805889748565
223,0.4503778584611927
224,0.6646191495594811
225,0.4477798986425977
226,0.3454061353995235
227,0.26465620225368736
228,0.1323138730046045
229,0.772379865745538
230,0.8829283938395578
231,0.5411145464174456
232,0.5739702528280257
233,0.6481081273138922
234,0.19889763049140918
235,0.8584558263737951
236,0.7067021337287751
237,0.5103513514876983
238,0.7321173543037527
239,0.14378490196207983
240,0.5505698270621324
241,0.5628001029918868
242,0.11124850921584928
243,0.7132027888069365
244,0.24418420654109851
245,0.10967702096532062
246,0.178861365892793
247,0.8257786464082295
248,0.03297681780513151
249,0.09882229922048913
250,0.06050058420481319
251,0.26952304060319654
252,0.6302977200826485
253,0.557847825729227
254,0.7917309806316458
255,0.20945180945773434
256,0.7523354060237764
257,0.7942082146976813
258,0.8071954478034986
259,0.8324369201489119
260,0.3588134996856063
261,0.501843751446257
262,0.6889021215677373
263,0.4761382166556306
264,0.5639975093160786
265,0.1883803771838053
266,0.1805655100933079
267,0.633826110501428
268,0.621896310777889
269,0.19053214893331438
270,0.4270360494818244
271,0.40360666944639023
272,0.4437890489258737
273,0.3202504320756393
274,0.3685490302361728
275,0.71162772945356
276,0.22095903628178581
277,0.7683904491473947
278,0.48102037174724366
279,0.05814931785694266
280,0.44508518395510255
281,0.20527816850890124
282,0.48785192878469674
283,0.6200726165606357
284,0.798518560172634
285,0.22002584196067365
286,0.8108132821757491
287,0.13721169115176757
288,0.5473127463046183
289,0.8436362200828891
290,0.35392468636260266
291,0.8303326060759806
292,0.11348967839324786
293,0.21955812103862038
294,0.18953864570468215
295,0.5872836211354941
296,0.5444701262160336
297,0.4480710479899187
298,0.6480558267610979
299,0.5219656382621298
300,0.11979615421445844
301,0.6872711961829014
302,0.6406867312618234
303,0.4432653547208807
304,0.6232043809546353
305,0.9420887103159622
306,0.2733148872263276
307,0.8103401612962742
308,0.5663631383183251
309,0.22723857276185722
310,0.2087239747100239
311,0.07724188725557135
312,0.2422168027817977
313,0.19428267182572423
314,0.593587571687433
315,0.12379556971423977
316,0.8495572290191555
317,0.7119049762848288
318,0.5835894050587107
319,0.7973237249612131
320,0.21172417157421997
321,0.4084465422289696
322,0.1045965323966842
323,0.5751234882122627
324,0.7492182028035681
325,0.3092885332364679
326,0.4551867500718989
327,0.2140419755495815
328,0.5622808685706974
329,0.6430696673340204
330,0.6556249638833741
331,0.47973312111011523
332,0.13676638151605325
333,0.7008679754663261
334,0.6800522869814354
335,0.8592307822147851
336,0.6461391161401066
337,0.3463107895340277
338,0.7062238790355806
339,0.5672299619663986
340,0.3912287602775487
341,0.5620589922088624
342,0.30345414829756645
343,0.18412877446457965
344,0.5302718143937893
345,0.21517991890859633
346,0.24389749217803158
347,0.26097391343796317
348,0.34473700520709605
349,0.6616321558847973
350,0.1409060616241643
351,0.38432629451286615
352,0.5652612806858917
353,0.746915181955619
354,0.35287642487112847
355,0.09687819009565224
356,0.3219317322456621
357,0.0827227857317765
358,0.38538089479537607
359,0.2713187709431709
360,0.8931359508227016
361,0.5389567990996775
362,0.5567996493614349
363,0.18648588163584034
364,0.1606636519542619
365,0.32320712507703675
366,0.5625962820121682
367,0.26455980059265016
368,0.034616516224443505
369,0.6336642134152414
370,0.37498487084489407
371,0.6190264597844601
372,0.8431455336679692
373,0.23046179194206062
374,0.21738316979783223
375,0.6154352678858165
376,0.5022448931987975
377,0.67085334919137
378,0.579259726240898
379,0.33882926419801407
380,0.12881090918035398
381,0.672319183310335
382,0.31288292926461925
383,0.439886181006068
384,0.07991299076265046
385,0.16520223698112568
386,0.6262303348969356
387,0.7694676712538027
388,0.8137927638731836
389,0.6351300563034536
390,0.4058213967352492
391,0.7650772685936751
392,0.543751417038069
393,0.12235576182187724
394,0.060892782125202216
395,0.5330002589767122
396,0.22611130205899077
397,0.6650547881013329
398,0.25804679370969297
399,0.231491175411503
400,0.15613609654046723
